% datenum1 = datenum('05-01-2016')
% datenum2 = datenum('06-30-2016')
% hotfire = datenum('05-31-2016');

ORB1 = 735608.1;
ORB31 = 735900.4;
ORB32 = 735900.6;
WDR = 736472;
hotfire = 736481;
 
thing = searchTimeStamp([735900])

